999
997
996
995
994
993
992
991
990
989
988
987
986
985
983
982
981
980
979
977
976
975
974
971
970
969
968
966
965
964
963
962
960
959
958
956
955
953
951
950
949
948
947
946
945
943
942
940
939
937
936
935
933
932
931
930
929
928
927
926
925
924
923
922
921
920
919
917
916
915
914
913
912
911
909
908
907
906
905
904
903
902
901
900
899
897
895
894
893
892
891
890
889
888
887
886
885
884
883
882
880
879
877
876
875
874
873
872
871
870
869
868
867
866
865
864
863
862
861
860
859
858
857
854
853
851
850
848
846
845
844
843
842
841
840
839
838
837
836
835
834
833
831
830
829
827
826
825
824
823
822
820
819
818
817
816
814
813
812
811
810
809
808
806
805
804
803
802
801
800
799
798
797
796
794
793
792
789
788
787
786
785
784
783
782
781
780
779
778
777
775
774
773
772
771
770
768
767
766
765
764
762
761
760
759
758
757
756
755
754
753
752
751
750
749
748
747
746
745
744
743
742
741
740
739
738
737
736
735
734
733
732
731
730
729
728
727
726
725
724
723
721
720
718
717
716
715
714
713
712
711
710
709
708
707
705
704
703
702
701
700
699
698
697
696
695
692
691
690
689
688
687
686
684
683
681
680
678
677
676
673
672
671
670
669
668
667
666
664
663
662
661
660
659
658
657
656
655
654
653
651
650
649
648
647
646
645
644
643
642
641
640
639
637
636
635
634
633
632
631
630
628
627
626
625
624
623
620
619
618
617
616
615
614
613
612
611
610
609
608
607
606
605
601
600
597
596
595
594
593
592
591
590
588
586
585
584
583
582
581
580
579
578
577
576
575
574
573
572
571
570
569
568
566
565
564
563
562
561
559
557
556
555
554
553
552
551
550
549
548
547
546
545
544
543
542
540
539
538
537
536
534
533
532
531
530
529
528
527
526
525
524
523
522
521
520
519
518
517
516
515
514
513
511
510
509
508
507
506
505
504
503
502
500
499
498
497
496
495
494
493
492
491
489
488
487
484
483
482
481
480
478
477
476
475
474
473
472
471
469
468
467
465
464
463
462
461
459
458
457
456
454
453
452
451
450
448
447
445
443
442
441
440
439
438
437
435
433
432
431
430
429
428
427
426
425
423
422
421
420
419
418
417
416
415
414
413
412
411
410
409
407
406
405
404
403
402
400
399
398
397
396
395
394
392
390
389
388
387
386
385
384
383
382
380
379
378
377
376
375
374
372
371
370
368
367
366
365
364
363
362
361
358
357
356
355
354
353
352
351
349
348
347
344
343
342
340
339
338
337
336
335
334
333
332
331
330
329
328
327
326
325
324
323
322
321
320
317
315
314
313
311
310
309
308
307
305
304
303
302
301
300
299
298
297
295
294
293
292
291
290
289
288
286
285
284
282
278
277
276
275
274
272
270
269
268
265
264
263
262
259
258
257
256
255
254
253
251
250
249
247
246
245
244
243
242
240
239
238
237
236
235
234
233
232
230
228
227
226
225
222
221
220
219
217
216
214
213
212
211
209
207
206
205
204
203
202
200
199
198
197
196
195
193
190
189
188
187
186
185
184
183
182
181
180
179
178
177
176
175
174
173
171
170
168
167
166
164
163
162
161
160
157
156
155
154
153
152
151
149
148
147
146
145
144
143
142
141
140
139
137
136
135
134
133
131
129
128
127
125
124
123
122
121
119
118
117
116
115
114
113
112
111
110
109
108
107
105
103
102
100
099
098
096
095
094
093
092
091
089
087
086
085
084
083
082
080
079
078
077
076
075
074
073
071
070
068
067
066
065
063
062
059
058
057
056
054
053
052
050
049
048
046
045
044
042
040
039
038
037
036
035
034
033
031
030
029
028
027
026
025
024
023
022
021
020
019
018
017
016
015
013
012
011
010
009
008
007
006
005
004
003
002
001
000
